-174.0 66.0
-173.0 66.0
-172.0 66.0
-170.0 69.0
-168.0 70.0
-167.0 72.0
-164.0 75.0
-163.0 76.0
-161.0 79.0
-159.0 81.0
-158.0 82.0
-157.0 83.0
-155.0 86.0
-153.0 87.0
-151.0 89.0
-150.0 90.0
-149.0 92.0
-147.0 93.0
-145.0 95.0
-144.0 96.0
-143.0 97.0
-141.0 98.0
-140.0 99.0
-139.0 101.0
-136.0 103.0
-134.0 105.0
-131.0 106.0
-130.0 108.0
-129.0 109.0
-127.0 110.0
-126.0 112.0
-124.0 113.0
-122.0 113.0
-121.0 115.0
-120.0 117.0
-118.0 118.0
-117.0 119.0
-115.0 120.0
-113.0 121.0
-112.0 123.0
-109.0 124.0
-108.0 125.0
-106.0 127.0
-105.0 129.0
-103.0 130.0
-101.0 133.0
-99.0 134.0
-96.0 138.0
-91.0 143.0
-90.0 145.0
-90.0 147.0
-88.0 148.0
-87.0 151.0
-85.0 153.0
-84.0 156.0
-82.0 157.0
-81.0 160.0
-79.0 162.0
-78.0 163.0
-77.0 165.0
-74.0 169.0
-72.0 171.0
-71.0 172.0
-69.0 174.0
-68.0 176.0
-66.0 177.0
-62.0 180.0
-61.0 181.0
-61.0 183.0
-59.0 184.0
-59.0 185.0
-58.0 185.0
-57.0 186.0
-56.0 189.0
-53.0 191.0
-52.0 192.0
-51.0 194.0
-50.0 195.0
-49.0 196.0
-48.0 198.0
-47.0 199.0
-46.0 199.0
-45.0 200.0
-44.0 200.0
-43.0 197.0
-40.0 195.0
-37.0 192.0
-33.0 191.0
-30.0 190.0
-27.0 187.0
-25.0 185.0
-23.0 184.0
-21.0 183.0
-20.0 181.0
-18.0 180.0
-16.0 178.0
-14.0 176.0
-13.0 173.0
-12.0 171.0
-10.0 170.0
-8.0 169.0
-6.0 167.0
-6.0 166.0
-4.0 164.0
-3.0 163.0
-1.0 160.0
0.0 160.0
2.0 158.0
4.0 156.0
6.0 155.0
8.0 153.0
9.0 152.0
10.0 151.0
11.0 149.0
12.0 149.0
13.0 147.0
14.0 146.0
17.0 143.0
19.0 142.0
21.0 141.0
22.0 140.0
22.0 139.0
24.0 138.0
25.0 137.0
26.0 136.0
28.0 135.0
29.0 133.0
31.0 133.0
32.0 132.0
33.0 130.0
35.0 129.0
36.0 129.0
38.0 128.0
39.0 127.0
39.0 126.0
41.0 125.0
43.0 125.0
43.0 123.0
44.0 122.0
46.0 121.0
47.0 120.0
48.0 119.0
49.0 118.0
50.0 117.0
52.0 116.0
53.0 115.0
54.0 113.0
54.0 111.0
56.0 109.0
58.0 107.0
59.0 106.0
60.0 105.0
60.0 104.0
62.0 103.0
62.0 102.0
63.0 101.0
64.0 101.0
65.0 100.0
67.0 99.0
68.0 97.0
69.0 96.0
71.0 94.0
73.0 93.0
74.0 90.0
75.0 89.0
77.0 87.0
78.0 87.0
79.0 86.0
80.0 85.0
82.0 84.0
82.0 83.0
83.0 83.0
85.0 80.0
85.0 79.0
87.0 78.0
89.0 75.0
90.0 74.0
91.0 73.0
92.0 72.0
93.0 71.0
95.0 69.0
97.0 68.0
98.0 67.0
99.0 66.0
101.0 64.0
102.0 63.0
102.0 62.0
104.0 61.0
105.0 59.0
107.0 58.0
108.0 58.0
109.0 56.0
110.0 56.0
112.0 55.0
114.0 53.0
114.0 52.0
114.0 51.0
114.0 50.0
113.0 49.0
111.0 47.0
109.0 45.0
107.0 41.0
106.0 39.0
105.0 36.0
104.0 34.0
102.0 31.0
101.0 29.0
98.0 26.0
96.0 24.0
94.0 22.0
92.0 19.0
90.0 15.0
87.0 14.0
86.0 13.0
84.0 10.0
82.0 9.0
82.0 8.0
80.0 7.0
77.0 4.0
75.0 3.0
74.0 1.0
72.0 -1.0
70.0 -3.0
69.0 -4.0
68.0 -6.0
66.0 -7.0
65.0 -9.0
64.0 -10.0
62.0 -11.0
62.0 -12.0
59.0 -15.0
58.0 -16.0
56.0 -18.0
55.0 -19.0
54.0 -20.0
53.0 -21.0
52.0 -22.0
51.0 -24.0
49.0 -25.0
47.0 -27.0
45.0 -29.0
44.0 -31.0
42.0 -34.0
40.0 -35.0
38.0 -38.0
36.0 -39.0
35.0 -40.0
33.0 -42.0
29.0 -46.0
28.0 -49.0
26.0 -51.0
24.0 -54.0
22.0 -56.0
21.0 -58.0
20.0 -59.0
18.0 -62.0
16.0 -63.0
14.0 -65.0
14.0 -66.0
12.0 -68.0
9.0 -71.0
8.0 -72.0
7.0 -73.0
4.0 -73.0
2.0 -76.0
2.0 -77.0
0.0 -79.0
-2.0 -81.0
-2.0 -82.0
-5.0 -83.0
-6.0 -83.0
-7.0 -83.0
-7.0 -84.0
-8.0 -84.0
-9.0 -85.0
-11.0 -85.0
-19.0 -80.0
-26.0 -77.0
-30.0 -74.0
-31.0 -72.0
-33.0 -71.0
-34.0 -71.0
-39.0 -67.0
-41.0 -66.0
-43.0 -63.0
-45.0 -62.0
-47.0 -60.0
-48.0 -58.0
-51.0 -56.0
-53.0 -54.0
-54.0 -52.0
-57.0 -50.0
-58.0 -49.0
-61.0 -46.0
-61.0 -45.0
-62.0 -43.0
-63.0 -41.0
-65.0 -40.0
-67.0 -37.0
-70.0 -35.0
-72.0 -33.0
-73.0 -32.0
-75.0 -31.0
-76.0 -29.0
-78.0 -28.0
-82.0 -25.0
-83.0 -23.0
-87.0 -20.0
-91.0 -17.0
-93.0 -16.0
-98.0 -10.0
-100.0 -9.0
-101.0 -9.0
-102.0 -7.0
-108.0 -2.0
-110.0 -0.0
-111.0 1.0
-114.0 6.0
-117.0 9.0
-119.0 11.0
-120.0 12.0
-122.0 14.0
-124.0 17.0
-126.0 18.0
-127.0 21.0
-130.0 24.0
-132.0 27.0
-133.0 29.0
-137.0 31.0
-138.0 34.0
-141.0 36.0
-142.0 36.0
-147.0 41.0
-149.0 43.0
-151.0 45.0
-153.0 47.0
-157.0 51.0
-159.0 53.0
-161.0 56.0
-164.0 58.0
-166.0 61.0
-170.0 63.0
-172.0 65.0
-173.0 67.0
-175.0 67.0